,0,1,10,11,12,13,14,15,16,17,18,19,2,20,21,22,23,24,25,26,27,28,29,3,30,31,32,33,34,35,36,37,38,39,4,40,41,42,43,44,45,46,47,48,49,5,50,51,52,53,54,55,56,57,58,59,6,60,61,62,7,8,9
0,646.2727875862563,254.0977212784721,-609.8596998940477,-11278.478477495086,10762.561851760905,-1150.187816829856,2171.971042981591,1519.4836570077941,21.63119569369655,3138.9187552165336,-5244.144133136,515.3877316378687,-3290.557506283388,628.1007120941113,691.9487413180855,-1038.8569931393863,-4176.241803534129,1495.5666479737,-3623.586845490911,-4107.539196714528,2828.25800343479,322.79980857513675,52.22968870431757,-9.044670746669995e-06,955.3151273639535,-986.8068848871216,858.827592287019,-8274.795744988282,6925.961481272752,-720.7577134623589,1916.1693428852564,652.5728937399489,1872.5691162948835,-105.27083655157213,18.84505870054828,-606.7289595164993,-1934.9693343206154,2213.6229228556253,-13433.337406648914,450.0993412125222,12867.873087649781,-2222.0876969939163,-886.3023710336577,899.263756308396,-353.4835098120138,5.162269533505101,-1827.2193554039036,-4291.077733780606,-4261.436350013057,4161.2844097921525,-13135.833303666506,1242.6347526854418,18.845063615639937,-9.580752763796152,14.743027465528808,-5236.831219559887,1794.1766305751664,-1.5952401359695823,-9.320050819277087,4880.194499581878,21.38351893562809,18.831666677580642,10.91528185972554
1,-310.0002001545217,975.9307717635842,-1632.4050830142075,-11278.516965975045,10762.557582575877,-633.1429730977778,2170.6621832069022,2048.152153253635,-660.654535276082,3743.0682617788216,-5335.846122747084,459.69479525772243,-2890.095907058711,2700.4828003996427,2268.195776107522,-1892.2370166770374,-4492.232925541796,1327.5118526197446,-4290.884134154752,-5077.699971089106,3391.1221501710124,-357.05796793191325,87.38002887637984,-9.052047259982151e-06,1281.5039663307898,-425.3099106709335,4410.6775371406775,-8460.299640627394,8286.170707040976,-1305.7121963115412,865.4843374098568,750.217801831062,2244.6022448383433,-72.90059463559463,18.30953669074974,504.3054451927421,-3205.7717000507014,2511.788923072083,-16469.386727342986,454.68232392100015,12999.020324924082,-2103.56282755725,-2680.2434854704416,2271.72629309294,-558.0967742351536,4.947437988024937,-2060.311705400834,-4839.287792528711,-4707.500960097011,4276.947611442573,-13135.839777158619,2439.5368943963595,18.309541610475627,-9.721253678418067,14.66869682524567,-9351.951751369666,2463.078779095389,-2.333490159582063,-8.004655699970936,4880.193070292656,20.35183345778613,18.296525230520917,10.338136851704109
2,-1786.3071979019687,1272.1107141563393,-2404.4864767424574,-11278.494325643058,10762.557128494685,-1460.3464853948058,4207.33371409263,3204.8332800459284,-1072.0007422156925,2776.52426060372,-5422.402786495653,-629.7301484099894,-2431.247660533786,5089.998781580663,3394.496886431392,-2208.0705686238634,-3634.3090259009614,2037.9142629334988,-3708.2994171548744,-5152.530106994297,3744.45198711858,-685.9665078469518,108.07754812034077,-9.050638585888402e-06,1286.5958157079108,-1008.7872153056827,4842.374615113016,-7421.900851959756,7962.646080811399,-1907.642111300286,-215.6899103293273,2318.7685308883074,2514.7585826415607,-187.97191960619904,37.01090856985536,-781.9215948860731,-673.8208646804108,2407.0184643846987,-15040.152600269912,406.37240212783445,11618.648592144638,-3353.024372189201,-4520.072224123427,1173.8717105713204,-981.1747673696964,10.603406320866538,-1846.4638478540744,-4336.131482385087,-6073.191476724729,4276.947265718772,-13135.840486306995,3138.4157920298926,37.010913433771925,-15.999706383897172,26.603117893642157,-12123.793224423162,2599.02869699177,-11.265980598358727,-11.157510939065212,4880.194231875892,44.88973280645622,36.984607188603434,22.42348255548961
3,-1864.4031569757974,435.2211762488421,-1612.7534441537655,-11278.484058447462,10762.55839192117,-874.8043500099006,4224.288545385535,2938.838236714892,25.358212908224324,3460.689142722503,-5422.757735083949,86.01005785505163,-3870.4513975016234,4685.987907001869,1997.5678673775399,-1190.8159806733102,-6030.2604189935355,1488.5846636420779,-4871.6144845599265,-5097.673776309555,2677.0552445977655,172.72914500914814,76.98664823775033,-9.114220165968138e-06,647.8824082256758,-436.5716715573759,3951.9740883829995,-8972.303200452443,8208.65858025643,-1061.157828507641,1304.749413087173,1932.1957836141269,1900.0388685655753,-205.7440654725635,47.19170426668448,-2362.3006240923014,-372.3862496185407,2669.408604883757,-16212.988766225744,442.73994963082197,12657.787813760493,-2412.4560262528903,-1319.2635581891811,-134.68448754584966,-198.0923327656711,13.589229291264404,-2225.1935291407212,-5227.233368980251,-5067.662381389071,4276.947097531678,-13135.860916361713,2232.9507034672456,47.191709107682414,-19.982319764444004,33.57155407437217,-9137.087708348212,2018.919472714304,-17.4236898136667,-11.199860903725183,4880.194883632313,57.66774273505248,47.158168016705936,28.623541856738015
4,-346.90819036766163,846.6348190520113,-2642.2389705358114,-11278.4972120076,10762.489129273092,-1090.2357385332534,4425.004749274339,2548.3784379078206,-1233.4139632213612,3208.9764144834635,-5410.685508254465,-642.6099052421417,-2748.722252977638,3116.7589689080205,2057.0222128484297,-3130.257776143413,-5807.91462727761,2002.2649855139366,-4848.632184841748,-4670.0450444532735,2431.6687060239383,-48.47711878671296,64.39147508771882,-9.124384043571842e-06,1171.8461324791347,-695.150163730551,2600.8095944463216,-6552.098432956953,7281.152327619345,-2033.3112725493118,-441.4205582590284,4453.239380341822,1106.5936198153702,-247.8581090544356,20.54007159381506,-2335.6075761102843,137.26654275233446,2516.041731806419,-17134.874135931816,404.77300763901565,11572.88319177295,-3394.5173793672884,-2600.7085543661096,839.8190532553457,66.27516222319572,5.897117694673264,-2355.4389928035057,-5533.759416501026,-3913.931693518863,4238.3972546911755,-13135.960977062368,1815.8286542515707,20.540076479067114,-8.803632765477213,14.700755449488696,-6467.272005178614,2861.2531276971486,-5.577644025789449,-6.948708398345126,4880.184957643085,24.990456726643334,20.525475028831544,12.526343490463061
5,938.1667835904649,-276.27768080928763,-1304.4811366373108,-11278.514760806833,10762.557126555066,-1050.9698258581573,3568.4083830616432,2010.4528846436742,-115.38321395599117,3254.863125866304,-5410.6881194090865,-99.49528240259139,-4110.856933933221,561.0369932524493,575.6565951174466,-2028.62945808254,-5763.670336821757,2946.118461431353,-4543.1585966228695,-3972.0364854486347,2212.206460319076,1151.760039309224,72.79829518496935,-9.125729443044758e-06,1755.3469822298878,-751.5410984993687,3308.819171503825,-6942.336014876135,6418.763422929159,-980.1461226254049,1450.2592088162544,3554.9622770780697,770.1029899773202,-202.59879718158743,33.7857757868465,-2277.4493855185906,-3407.920444523473,2421.609715822485,-15773.412689976809,432.347684335312,12360.781475514212,-2681.3407459193327,-228.13490615138502,1341.4101785176977,325.66735841847355,9.468667075283404,-2308.8759101563383,-5424.202508433888,-2950.1393331008926,4238.400088781405,-13135.960390885257,2197.339046097528,33.7857806999203,-15.882254414846162,25.350926520418607,-6508.66428549988,2216.1628192770995,-8.590494443993403,-11.308388995393388,4880.192022419274,39.66641582096909,33.76176631024019,19.898874473284618
6,905.1147660364629,-324.28034701532573,-1.777431713087605,-11278.356463961596,9353.718849568972,-1639.2141399482396,2890.3707597118955,672.7517247425467,905.2539015373408,2567.4739198766893,-5019.715046863331,-224.98786982559957,-3088.2371697706308,-189.61367568312832,256.5490172787999,-396.4276444609035,-5148.254616845219,2336.57330661732,-3804.46359115379,-2755.9898367220776,2080.640676756926,893.0072842215849,66.91664083544921,-9.127551247969737e-06,1396.9012708647376,-1004.8108531129998,2448.744866141701,-5747.961086817148,3479.5025051726525,42.88178986325252,1919.5711693882947,2031.319034554576,-142.10727034034065,-222.4039161250316,13.038364496199135,-1325.6219573415217,-238.20374145209001,2202.2381712640904,-12868.38902575032,394.4884139151907,11275.117983278978,-1858.0956526552418,-241.11995694905517,1079.9571876123603,644.9167251790872,3.067658940829201,-2019.5305263361379,-4747.897768592796,-1408.615290228713,1942.2937638864553,-11428.113125388978,2007.1193512354573,13.038369397837439,-9.68168301520623,12.749346988987101,-6386.84213834275,1328.8156988385392,-0.8008811896579607,-5.154390609363228,2800.5623632093666,11.65826532774324,13.02909893555804,5.9552628063491015
7,-774.8953954599972,887.9287216797425,-287.96393722321136,-8077.200251016989,4473.299941415453,-1133.0074436549723,1041.151498573027,1043.8357160669243,474.8919448469288,1886.58551752059,-3331.9951920093486,847.8766481424515,-457.94817222235577,1701.6566793784355,223.7665460070374,-20.114043537268714,321.1937937756332,-1703.7186747249748,-681.181920608392,-2236.6128788201418,1670.326106363956,-928.6329033191392,4.414256379739512,-9.123862809927079e-06,-1496.817100668253,-1126.0508307461685,-2623.381724558079,-1397.0384784179323,854.6477799750135,174.60167928222916,31.400497932551467,-231.28124097649143,830.5953895906692,-31.218103547794644,6.401579889773694,-336.23155236055845,-678.6013003318877,536.8782711479366,-6508.6387231912795,312.5873362084808,8930.87616231252,207.4812730891775,-640.6205601149476,-2412.9825497647607,-1022.3587499234991,1.726599285511617,-727.9011600535301,-1713.5332959649306,-1773.858399715268,-448.2977076451293,-7463.808433014556,-280.00476319393937,6.401584709564236,-3.4180993707851646,5.144703663811307,-3384.9825747665027,566.7732459620506,-0.5564244729465262,-3.0640071106204623,-428.9509933812509,7.095853326163083,6.397030685824113,3.620422646350663
8,503.274142453854,121.90751896253407,-748.478217696235,-11278.559065773603,5915.145364463941,-1664.569159602557,2637.5165183354343,1049.244005599895,1060.6123321209752,2537.928710386194,-3308.7016466401788,-476.42075627814444,-2773.0632760717567,476.84275345342957,8.429737254082033,-1148.7223562939807,-3493.333998934302,1026.2854995818766,-4070.2804445408774,-3281.4480117048506,1490.085275847926,343.4078385270127,18.587816936220406,-9.352869658542355e-06,180.01904279848904,-900.3158323309008,-959.9355529202584,-3697.181096357299,3667.69575464779,314.22439187172546,1011.7288186105391,-7015.946975419286,325.9300199633268,-176.3897965497429,23.86824203802133,-181.99087153840597,-623.789839614538,1523.6409585302913,-13459.177695064194,243.18636247242557,6955.892231841302,2333.0197639964695,-249.55708521016265,-999.1690976259528,472.68095723790725,7.005399041380515,-1020.2935160216525,-2392.259672048944,-1930.0148739163758,4276.960934563353,-3749.02130809337,312.15866650996327,23.86824685892563,-9.304738186374232,16.31014213730785,-2162.073020019338,1383.5878843442038,-7.347316261457166,-7.644710179229982,679.9072083014196,29.9903767793386,23.851280345806824,14.992017523152482
9,520.5020682420119,782.7590866827876,-1528.9980826581404,-10902.607068746986,5852.220746315882,-2027.1029828692122,2450.028043757167,1969.9453811225226,-646.1680688182417,1964.9017644584912,-3168.580156666984,-947.7631401959172,-1931.9752475474254,972.498631753201,658.3304595319747,-2125.5405907730437,-1919.4291738590164,338.8023130501053,-3336.4288071352876,-3648.9409405395277,2196.919059179618,-291.38057884278896,26.737871683414394,-9.182208695666669e-06,80.73539351175648,-1248.4930806461778,-1327.4328514016788,-1561.2895392748294,3905.186083273117,-991.840732729707,-155.44134497964194,-5255.759516153614,939.1227963558886,-103.13449258650415,20.386092719661928,71.7837944952856,-1090.5573701151266,1353.3960513152758,-12104.168031598274,207.92535770125363,5948.272289701486,1585.371062080968,-1273.2203831201534,-257.4330954719945,-238.59879352332584,5.889775059573291,-598.2430614328297,-1399.3426391868627,-2515.6117698866624,4219.13092874024,-3593.320730927646,434.63986262280594,20.386097563726256,-8.514308135704338,14.404088247984756,-3442.458945436085,1961.6904614807706,-5.294080324188608,-7.2715210512936395,2471.55049673193,25.032541021652747,20.37160557798257,12.56559224840827
10,111.18925253666667,1535.4267780726211,-2098.7344996720553,-10150.70318272164,2535.1190078343,-2953.034663195488,2057.271194819881,4076.851861351228,-2078.1103808378894,584.1509921246185,-2500.847392391569,-2179.1653541140777,-1088.5108624594318,1601.953174530066,1200.662951449976,-2654.8116986344185,2265.7255654775377,-1195.2437601811794,-1513.5128840014256,-4193.132416056055,3106.6019166749425,-1251.4159155766015,20.668797274988783,-9.179818603331593e-06,-573.8141999612927,-1823.4483703660985,-3376.871846406198,30.276914975501647,4847.577292780852,-2062.148237429604,-983.5129336050794,-3706.4209295094265,2821.750041713167,61.19349037814057,22.910574808453813,-449.55063261092823,-1449.852092335272,537.4237720465092,-9117.440631711592,91.40221893658298,2618.6303879014185,1807.483113945102,-2214.5306692810695,-74.04569136471324,-1764.7960522859444,5.897138496833969,503.58148893911783,1192.8817675980097,-4768.938793209573,4103.467946910089,-527.2947976892933,-42.87209099122948,22.910579651568128,-13.942446780553333,19.839590340788064,-3847.730406758286,1962.7890942308054,-4.0988074031403565,-7.823192978685858,4134.964398505216,23.639211036945195,22.89429367178758,11.921991244921287
11,-204.94876304521537,1295.0679890491788,-1380.4872158332023,-8271.996846702572,5356.590896478347,-3010.951782476846,321.08935908178915,2804.7870079712807,-763.0452298273599,-230.24818463202345,-1179.729976788186,-2009.8259533960513,-710.8774032878,2011.3791045640537,1892.4968204774518,-1625.1392695665093,644.5678090218519,-468.96546679748764,-1219.6543696301012,-3309.2943073918873,3394.079718351629,-975.0468167222916,59.60535681865941,-9.314422474441972e-06,426.61347504978033,-1957.1903325469423,-612.4346806540883,-1067.6702113966796,3773.7033428277373,-745.5775938702899,-554.2581899588521,-7339.938201015674,2343.645932427311,141.83762657335762,29.028811184163704,1113.5721702654662,742.1143961549873,1093.1662118475238,-4750.63047991279,-6.8572658743040105,-189.06121160845342,2331.0592794255335,-2293.0228857600523,2186.145088732394,-1376.644249058229,7.874835072740061,412.754005118883,979.063440999049,-3276.7127451456863,4045.6382852684496,2376.800900128116,1373.344814183466,29.028816073376568,-15.225160451432016,23.10000061928203,-7214.085306539954,1878.6659312636825,-6.843058250193918,-9.451880337553064,1193.0528058585394,32.45926198459067,29.008182191257504,16.29492936495233
12,-2854.516974926338,2522.3100169022787,-1780.718681732765,-4520.460930572701,691.3511167931385,-1344.831375343442,-96.45642862242492,3144.3282360237536,-1757.507639748773,225.39062299795017,65.36881945842872,-923.4211814999645,1849.0134555297577,5508.508370869961,1553.4385950873705,-968.1678317427713,3805.363456077773,-4915.777488807829,338.46741593256763,-2896.535444427393,2203.286610171136,-2769.074032555924,-24.805550269226813,-9.244401121726209e-06,-3533.881987796553,-1135.518365230491,-5323.280261352263,953.4228276308706,2945.3792000662534,-1421.4858261422075,-2242.229622362347,-7337.05721837977,2707.8733578900024,200.60848752489613,33.37827904669759,692.637921274934,-2250.600234605587,-226.4610536765749,-3758.174835339872,-52.41100114529956,-1490.6797224665208,2730.72506286121,-2112.2171926321216,-4294.438631468138,-2108.106232821199,9.00176925508666,753.3934215796552,1780.543867649156,-3509.8421897308203,4045.6382822692694,3871.857095282525,-1544.2045877259045,33.378283934412984,-17.82730617697989,26.82908075451399,-3257.855152604037,1246.3833345573833,-8.254384163154294,-10.288338812425236,472.7258115980563,36.99304489081388,33.35455915305771,18.54271369366172
13,65.77480074135481,897.8869698676532,-1088.4623877869415,-9426.517829881728,3476.5684334144353,-3357.2953431249093,493.06214597653707,1827.1134997264962,-220.36485770441192,-176.04295482710694,-1566.0072632913752,-2066.046844726264,-761.705591829102,1102.6225832429575,339.313483145773,-1380.3913992631892,693.8159488101635,-1229.5071334965078,-1136.3748283088787,-2589.427347323006,2581.9230799456964,-665.1227337049457,17.662199756634276,-9.249591028938324e-06,-794.1625318784404,-2053.96645880701,-3737.4896189357073,-1361.6543058613668,2827.5342223563703,-328.0272629675881,-372.58855891605367,-6557.79881978956,1734.373857969546,66.52097540564871,40.25149737376269,884.8572412510459,-2539.0528914062465,775.3466982478016,-5172.024490156546,21.527198046917174,622.1390750190088,1453.0310700494085,-447.49608265479617,-769.1846168002052,-960.2540137413532,11.128133074516628,251.79881664651467,600.54510362954,-2713.8777554124604,4142.023617948518,849.2386703639457,-17.058607273180737,40.2515022566197,-19.846100650290705,30.97423889753556,-3854.686418417161,1332.698429634818,-9.980485897677916,-13.25313418694607,329.2308182617208,46.30790692464194,40.22289310431921,23.233610767418067
14,895.6305957926943,692.3950919050824,-1185.5852732723263,-10150.699755507505,8941.618621065283,-3341.864149378962,990.6457753648003,1805.947037807861,-221.0767977035005,129.8269599100266,-2392.154522558386,-2287.8557610828257,-1486.4575176645346,344.9420635119549,1326.037798875379,-1862.4481386542093,-1959.7696597991987,899.8012872205618,-2462.445034277896,-2983.5242635632235,3870.3790237995577,-196.6696094864816,80.90396102820783,-9.207351179066355e-06,1307.8895397972278,-2118.62327467336,558.5245551515226,-3424.728371691754,4491.338934210567,-506.269667662871,111.74338660001864,-5419.729518324243,1549.705225557947,19.87718434965749,28.416130961967166,1440.219247024504,-820.0630390318859,1991.3705262411354,-7272.2805658177285,77.09212272792517,2209.7443639638254,1108.2330122942321,-1683.275571804558,3032.8087701267523,-365.6729550645635,7.578215431752551,-324.9370269948636,-756.5149782952641,-2722.320738959181,4103.473461862322,-839.1672272660244,2062.2008280401546,28.41613584126651,-15.693861906242741,23.272082574181766,-8432.482759751012,1904.5774273210575,-6.061429917298345,-9.511033016765483,1552.003788670323,30.96256551640857,28.395937363399263,15.57245364211806
15,755.1295185282403,-368.25258192432653,-1487.83670620397,-9751.349553346377,9554.993732085819,-770.4221872535005,3582.435415053281,321.10527406723367,-1077.0786380155662,2975.66516144526,-3263.536294704934,97.64504409077126,-2393.841400004545,181.8359604557927,4.89373069403331,-2176.614310551425,-5601.737042793602,2040.9595859311983,-4711.688336098876,-1908.032829195618,1793.3583188803666,1005.4843502091188,47.181273356815076,-9.199832866183231e-06,1038.7666143084882,-510.6704021808181,1896.6781940463711,-4373.392055219262,3941.509175423,-1666.0406315723112,97.49690460832127,-1995.1939518315999,-931.8442942430454,-306.9344275804277,38.39864308499142,2048.7750292535566,-1879.7392049710272,2219.966689793454,-13871.793565115006,268.68700946140916,7684.299489989288,143.12602990019536,452.71632994095205,326.7645970784978,1781.1840199943042,10.593196598418022,-1588.931970286002,-3730.4560152111867,-580.6282056761714,4142.027608385127,-6448.946259218598,1327.3799822953836,38.39864796143066,-19.06998294179982,29.663184777208507,-4402.773895223953,1485.1159100207565,-9.719987218491282,-12.359094523842533,4696.626270247061,44.035075039445864,38.371355525733044,22.07907246142197
16,1068.9491080573061,-140.42636475317346,-1612.9846916212218,-5754.821811554992,10762.561863140687,2950.9613551800367,3771.591957614482,-845.7270824401908,-308.8288892260648,5735.372448224111,-2148.688621812681,3491.533952454634,-3014.89620335822,422.21833730576276,66.41712517548572,-2468.7167863879267,-9175.686445838954,2746.7438824337682,-6447.1592191467225,-3034.5458439243107,-493.5576050288215,1003.1602064034864,19.75385351354515,-9.199305372358457e-06,1007.8037817918078,1582.973332336401,4742.335087879451,-3672.4800249686064,4298.391704538187,-1011.113716226583,294.2336079079116,-1641.59993702063,-1753.9930137673157,-395.35676723180876,38.83525926019261,2377.3410868432975,2030.4167803372168,2351.1436700281615,-17128.474374233996,350.82206859636574,10031.16550915397,-1001.8979491404873,-420.57787203864666,-886.3840089570239,2160.673046809033,10.440763851562467,-2521.19595271848,-5923.952417405375,278.1634365121826,4142.02752388206,-9546.731453095117,890.499823805509,38.83526408942954,-20.93994210669684,31.380711179122436,-774.8198083650273,2284.7962468386154,-9.273653768408886,-12.21625704501322,3207.64647110029,42.837524187376424,38.807661424457365,21.489901588149724
17,-1997.9558208309682,-183.35005271807677,-945.9390976182572,-4809.9362230209645,972.6905842569173,2967.3659597865017,3566.189630312635,-1012.7263910702944,-715.2269666300455,5378.977885914153,-1923.6093965832838,5541.363135415067,149.88537648866995,2385.2462033464685,-1703.215889551469,-304.5418170351756,-2897.469285322674,-2223.408356350777,-2516.0974422962545,522.5579239304715,-1738.750803711859,-38.53987738099098,-89.54469234208368,-9.092786403773762e-06,-3252.236536159657,1705.4637620306125,-3223.325095836787,-2022.5997138813386,272.1785401729952,-1241.054894932814,-1035.0143253205954,2185.0889540091675,-2025.9593975249486,-386.8228946135617,64.09018158495114,1305.714957281043,-3673.0114629713744,149.53382947429373,-9470.714136030256,437.1804473381557,12484.636651517458,-1490.7939566793373,2616.176902184941,-7563.548360575944,1957.3532634972732,17.960971642697924,-1296.5482354044896,-3058.6993749506787,846.2974829879876,-4139.059485658511,-12126.312811866523,-2967.0696061442054,64.09018634705312,-30.13213187603082,48.09310869111226,5967.12124632585,-755.6210571751949,-18.847605754255344,-18.73938566909721,1815.0286414974103,75.2412255583265,64.04463662078712,37.58698236779046
18,1545.8806850301924,-1094.545190849201,-961.6032238880135,-9150.014540411441,9485.545853269787,2085.160500664392,5041.2128111881075,-2158.1780294444698,845.7558175658581,6073.221225617699,-3015.757601977549,3446.094685138764,-3326.156993097744,-963.0551166988237,-1056.3945191848786,-1867.5032140029848,-10750.684332167497,3454.1635728503547,-7133.249614227465,-1512.8611780739782,-737.9403087056116,1959.9064365124723,14.160061387827902,-9.098589964719372e-06,1258.2044451664624,1613.352746003909,4481.239643188189,-6806.505241838281,2780.344217869687,-383.6956031633222,882.5212187673344,-1353.177943226847,-3210.8667449991267,-591.1419875759647,42.69310342382271,1868.5098911298273,376.0893225422993,2694.910182528995,-18867.855006761478,418.76471821240193,11969.206703719407,-675.078756958618,1525.8633121256423,-1145.7960912515148,3594.6601754775666,11.545043209238274,-3084.1812053718504,-7252.381728937181,1506.044617995119,2198.7387646756065,-10902.092391952117,741.6706425790067,42.693108223758905,-22.61355464087054,34.15860295894389,443.91123140396303,1561.776066287341,-11.333153641388968,-12.436112044802961,2388.902079143493,47.5105822821461,42.66276405419965,23.769256556012753
19,1209.7923618204384,-1419.955775269583,796.3081088276932,-6255.000281307524,7060.6277786002,1673.2127672610561,3670.5008090761894,-2290.0496817123612,2944.4385111474944,4441.2092232386185,-3768.815084831349,2889.274365268764,-2640.1933263128444,-1745.8786001413707,-1963.556848841891,462.0000339420508,-7931.401336629961,2319.1029594231736,-4355.362141250616,-124.54082784782491,-877.0471463284526,1856.4971221271494,-9.2038285089226,-9.059184670974909e-06,341.7691434202899,1152.9469158865602,1829.0986143072648,-7279.708764986597,1252.7187440824741,1570.4506274507899,2216.3861350485454,1328.0230212113258,-2656.213404986905,-474.25235394646285,29.67497222523181,1061.4283951245325,-1397.9317997919052,1863.599921344416,-12723.678251512945,451.5840111811135,12901.889271239104,-2183.8402918596253,2615.073386183807,-2478.8220786326688,2716.4491196702083,7.591136964592683,-2898.9808704822863,-6822.463402701938,1356.9541972665074,-786.3841840459028,-13135.976635456283,-117.11386871508076,29.67497713116453,-18.344586537330073,25.935728666412125,1874.2649944454463,123.62055880527214,-5.423286550079695,-9.860502408101677,-918.6933182129749,30.32534140471807,29.653884045227777,15.283779881878665
20,411.19103021115075,-1382.8120475291485,548.2983661594214,-3505.8617262402727,7087.950185324827,3105.663066837518,4497.672203570655,-1773.7699342489711,2242.8466326624625,5022.240710953493,-2714.3576123210814,4432.271386695375,-2764.223231804333,-444.96759824423157,-1513.8300824479943,501.8294972949832,-9171.067940240906,2257.4549954844083,-4556.385069340198,-333.1984552556296,-1065.004970003542,1838.941465921902,-6.736818650781688,-9.049036891174829e-06,316.4627852095383,2234.6202153816353,4086.4184342705885,-7334.329768014921,1914.5203446666321,851.0638025302262,2112.572444072898,1817.259013660377,-2512.735349326862,-518.1501924831576,41.263774106545696,1170.2355638312624,-2291.359474519404,2135.821137727455,-10999.653355433577,444.83630698202154,12703.25363840628,-1896.267227862489,2639.1038841128084,-2468.061348230957,2709.3803891905227,10.968423556552862,-2929.0315917308812,-6899.87754303901,761.0674619763502,-4219.019777911297,-12698.129674154052,28.079037458662935,41.26377902521632,-23.008098819154778,33.9765275655571,1495.547263732602,206.36720032487767,-10.516380630736947,-11.874841258566105,887.5051010281135,44.73689780945152,41.23445047400817,22.39121284883854
21,-795.3488517562776,-734.6929064486975,414.1535147004755,-1367.6309373996603,-1067.0292110870514,4103.7275066398,3962.8039775630236,-1435.1685600828107,1976.1562761667308,5338.536411058199,-2324.4786426469323,5032.949945919196,-688.6823785527693,547.7918564283044,-2887.811860171246,860.7424072908012,-3624.7141633075303,-1279.270472246774,-2201.486542974503,678.9586160001501,-4049.621180850691,668.6029347112452,-128.61857837236468,-9.045445755500078e-06,-3156.4432258715738,2234.634275469378,-4131.2636844925755,-4703.869387174791,141.6100270618195,837.4692940706286,769.240213531056,4040.802425395625,-2184.9577454585783,-448.7432444016062,38.32429232317678,-427.89997815975875,-18.365801261082197,-515.0458994654925,-10757.14382641582,443.7974422816105,12673.569778248851,-1923.1439026222195,3537.6365775763243,-8720.0335175365,1857.3465868966364,9.916500553075506,-2313.4325566933403,-5451.45287806292,675.4413021433289,-4219.0867500746945,-12698.137310518141,-3844.247543525187,38.32429718637735,-23.008202564203017,32.92470828684999,11396.550442847674,-745.6132450626028,-6.207521203176935,-13.941902114527833,-1117.1653717202983,39.866132970582456,38.29705760043647,20.14941435786128
22,-625.6442180470802,-896.5617881219367,1471.6656454316194,-3045.58949983167,3355.7142955171093,3103.3292950919454,2693.504261272082,-1689.1987639393208,2910.1112405244103,4836.57011140844,-2515.8528696953867,4616.366298235704,-1958.7910389896158,852.1385718765575,-1123.1826647567902,2100.134767292436,-5844.1456876646735,1152.4178995995912,-3093.632252171902,-398.8461991479402,-1342.3367471111912,1100.7283073122285,6.943120253873178,-9.038469920994618e-06,-579.5995256223749,2120.5089435637174,5152.699456382686,-5626.364376535055,-8.760761077199504,1770.8401326767532,2435.7814071267812,4417.84111634577,-1988.7899308420724,-348.54906505256577,38.78893054965328,288.04882836437395,-3513.233810155961,1112.4327341433018,-9580.907039385807,438.12590502956795,12511.536906757376,-2054.677371139134,1823.7580687316502,-3778.9729183570194,1726.9049619317875,10.076877581542679,-2300.043612581328,-5419.925796433911,1065.147977400731,-4206.484157651764,-12683.780303960217,627.4259875027318,38.7889354000303,-23.04391857325979,33.12080132597659,-2014.0605245022216,-120.11510043599964,-9.609481117282723,-10.706782208937135,-1132.3065181345598,40.599337385980874,38.761365636930314,20.316254428755226
23,1158.1779666824325,-1419.7708553481875,895.391097123031,-3722.7135356260187,3302.664468756215,3430.5950313236794,3871.555273773076,-1455.9855816567133,3103.6109119557404,5488.0949413380295,-2694.1572745623143,4764.778882233328,-3002.839607837692,-1836.3288003775378,-2890.9440415376503,607.5300614412525,-6291.065004976193,1336.401301999098,-3689.3333088150807,-522.8983266192672,-2834.6950108715596,1788.4986537819343,-70.21807472856003,-9.097139015255498e-06,-867.0824090915424,1958.6872879138136,-568.1156324824013,-7893.077438425829,1398.1681388445108,1643.9997268006862,2505.474055699786,3258.0717569929675,-1805.0655012722943,-441.6962517113608,44.33602107485938,679.3033424477339,-1821.9502524496704,676.9641170323429,-12248.649731018533,459.9590089881778,13138.932948734206,-1701.7985500746615,3621.424511235224,-5044.8849846181365,2028.5899636055722,12.544432734862585,-2586.698062936153,-6090.299106297581,24.441830890710722,-2115.039806891072,-12884.467970686246,-1930.9117696442026,44.336025953080174,-20.120916092715106,32.66535381976498,7818.683232911925,-64.27866347169223,-9.373626435549472,-17.23820207103618,-680.0924449615826,52.79355653563593,44.304514184285075,26.61181962639181
24,837.6164540546596,-939.2295279952996,-1336.7176254764386,-11274.338748383201,10610.963092900614,-60.378842186720135,3838.606694820697,900.2159951986257,775.241017344284,4410.6462243834585,-4985.344605167014,1067.1120101499373,-6174.476755302207,1358.546927323901,1534.1044701028557,-2024.8689948962435,-9776.362585612707,6026.095780096036,-6547.646252143105,-4942.143880596427,1316.079910456801,2254.5161847637505,103.6719293210465,-9.095433928250362e-06,3836.3394566401184,525.751883727936,8635.314086448876,-9420.256519204217,7547.9682135171415,-392.4733033965659,2505.7015675312755,985.6756979264853,448.66749967957077,-294.9551806962961,47.676625547137874,-1270.858042705835,-228.68194785647475,3194.9938516116986,-17878.39398139168,457.1707383764944,13070.120883791082,-2032.3224158275698,-764.7791873401922,3579.504363118611,980.0562214642174,12.978275301192793,-2920.7018348059073,-6863.676102452544,-3048.791398740172,4276.0394846476465,-13129.31937977926,3622.671495685827,47.676630482572925,-24.734704536867383,37.71298488990138,-6776.1018283763215,2928.2604427685046,-13.418949046103977,-13.351964551569907,4880.003047848413,53.58910813694631,47.64274469341263,26.770904718155553
25,-750.5634618848949,706.9689108606717,-1572.0336533791,-11276.225345041696,6290.561096495474,-902.8157315342305,2948.048531175346,1497.081031999638,-1109.7040052068776,3427.061846948482,-4530.964155586747,277.29368953006684,-1825.462788646617,2777.6222572743477,1776.3284665656845,-1625.3766070371964,-2369.4931370614627,1294.4713108734168,-3053.4144538841747,-3384.0361686148085,2076.5068314681025,-253.16074576639303,44.97054358661373,-9.09376150416236e-06,739.9762618697886,-597.2590157436704,1399.0406723161927,-7185.961428280039,5981.8234472826125,-1738.2368618619403,88.52482321363375,-1538.577279527356,1375.282628470538,-177.37352381930592,38.90810919513809,760.2901937206229,-1890.0277104283248,1432.684016594204,-15496.631988691608,380.3176632504063,10874.17872614925,-945.1359930695384,-2333.9985118707996,483.0371451847684,-247.48388199425594,10.634394411672783,-1950.044791693862,-4579.845359953028,-3881.9598057893536,4276.265353834414,-10215.779770386533,1166.4106572159621,38.908114100061525,-19.92486383805644,30.559263317565446,-4662.985245577991,1799.4996970153068,-8.804619586939193,-13.313649288542434,4880.0912732553315,44.00102794992749,38.880459589524705,22.11826000396905
26,-2051.1695432388606,782.0128528519872,-1516.2033099981895,-9032.145499448245,-2978.4717908819584,-1389.984457040629,3189.8260274845534,3708.6956565098585,-1345.208946814384,1965.8848293336514,-4857.334000646116,-1173.0489588659973,-1745.2818771180296,3909.2086100757156,-407.04293891532836,-989.5663794857388,2090.618563698985,-2272.787538792118,-1120.3625959180963,-3442.5917347031077,-445.8731812033268,-694.4717167586286,-84.4511141490367,-9.036663403569139e-06,-3011.592168096106,-860.7004395200885,-8171.044427369643,-4040.0210383216677,4962.138961988439,-1816.6861634272407,-52.314267909915024,7552.889437999328,2410.6802905930394,-64.49291788476988,60.27829021976646,-1979.5939379276265,-1513.5887302803965,-744.8238690004937,-12764.131811210129,333.08347292912487,9524.479820975563,-4568.464422275575,746.9377049606205,-6668.128186640056,-1527.434654505078,16.369842691696256,-876.0112289363582,-2052.8574930505006,-4952.0533627737395,4238.404119894123,-12491.458122494643,-3119.480305699187,60.27829507970509,-31.507457784483243,47.8773056896929,5731.483419571282,841.3151975412783,-14.012337552670756,-19.89321713912867,4880.19773805011,67.51212696620664,60.235454133750814,33.905545787439486
27,-1503.6810889265191,1146.207196822781,-2642.2696851725786,-3616.481232442652,-8070.497661953912,-382.3280828348755,1800.96715109569,4039.1246196025836,-2980.897361848098,990.7113633076466,-1784.0171461702948,-603.994821800739,-724.7673352081484,3536.700431589486,-862.8010835666018,-2626.4666215224106,4277.965384079292,-3112.673201077382,676.8119690148277,-3033.8298467256936,-1516.3746497170996,-972.2763862709082,-123.70167595514455,-9.036973781007076e-06,-3731.183517073111,-81.20130672602862,-9350.365265483995,249.33597047577243,4554.804015737169,-2774.704528257716,-1773.0856543445284,7554.70649337791,3007.3813259322,82.25295555703197,41.61884590102137,-2377.324800781394,-1045.3126752460678,-1750.3478354914307,-6469.840144571206,113.397940138145,3246.988683090383,-3463.4866003286975,960.6763379445123,-7795.47078840782,-2415.0652995117907,11.155712124041594,0.3836615973142636,8.77168312365054,-4954.613552512861,4026.3224350872883,-6060.745161665381,-4337.103097422309,41.61885074386676,-22.643259964142267,33.79897727404602,9663.836868241793,1359.629059132685,-8.477310790731298,-14.536363552446833,4880.202138587883,45.70004418077198,41.589269940566766,23.013665460893897
28,-1202.312444440245,1451.1450746856658,-2641.8705327716334,-4955.655436436751,-4270.381696049543,-2110.140580466143,636.3196165721018,5636.373401603996,-3116.796354192789,-495.84866525266284,-1140.46094552957,-2649.3519741969903,-1038.893706381196,2386.749926925569,-519.4252641902291,-2757.2312165315466,9108.968721315845,-4005.8167763833967,2267.021539948985,-3974.085999217864,1247.8548718719644,-1635.804104386975,-58.85225113367071,-8.951063536858222e-06,-3522.838530161266,-2134.9525238505516,-9350.354452180189,-20.263142291098195,3939.122380146691,-2727.608509564056,-1734.4999582507635,2909.568215530968,4929.010068639841,285.84415674686477,38.08062312866341,-2377.325162753408,-1791.2668101209638,-2050.168124015899,-5347.302260023869,-42.49608536585146,-1207.5748631561748,-655.7919437777111,104.93628586313909,-5685.323292507606,-4050.307057179573,10.214741794631266,1224.9529169522043,2889.836164630561,-6985.047135590923,3929.940230996469,420.04389994558375,-2593.169312310786,38.08062799673688,-20.67322334910922,30.887971093780287,1337.9479862172975,598.6991056261745,-10.243996812931952,-10.682854586596092,4810.2738347546865,41.86110870113879,38.053561566720525,20.926842262558267
29,-961.2666759240492,1338.5392948196368,-2642.206290861735,-8850.432428142245,-1227.7617598186396,-2959.5588711878127,308.1605782688367,4948.588525807175,-2745.2385583714467,59.71113508289966,-3348.572966508338,-2893.080381428056,-1147.3634603074292,2448.1067749814006,-59.889112644350575,-2862.635019651089,6187.867444756431,-3164.591651965226,727.9857312234736,-3873.222781729644,2319.162313252483,-1319.8288878356122,-49.132752487240474,-8.948365893788178e-06,-2618.692467012155,-2234.6231014789196,-9350.349603055616,-2966.3224977475684,6325.501512372489,-2511.3639059525945,-1300.0795750377092,-465.70858177056186,4503.339256669508,273.79670724430156,40.91432888063465,-1655.466603251882,-2707.911988075388,-841.544132890026,-8699.138325292397,123.73011592513197,3542.2126344698677,-79.3635300436461,1.8573012215975588,-3932.815187516708,-2995.8433710834447,11.157435699541223,416.55464127787764,987.9681572921289,-6286.807303930065,4026.354286841577,-3107.384485773656,-2508.5324433464016,40.91433376689398,-21.105517306461028,32.26295897455162,1718.210104831036,1076.4327443057382,-9.434252210890298,-13.732517116790552,4880.200140299704,46.11240150504091,40.88525357739305,23.16676015340469
30,-1870.6293194603104,1456.4068812139208,-2630.240278301768,-1348.7737387250177,-5922.552966040365,-213.62757808250979,1945.2298638059387,5269.511181905612,-3215.0108265805707,286.4848254141394,-1444.1956249278176,-679.8836285549104,589.4294190956381,3269.725375682023,-304.6514276124551,-2451.70419431507,6840.863581868169,-3744.07951404371,2210.0557725671943,-2197.312659462149,-239.91729333860945,-1699.6849995809882,-103.0824609498006,-8.947181809386147e-06,-3712.021686215754,-608.2593915682195,-9350.365637468849,-912.0193381040489,4966.280322900752,-3051.8771836294454,-2270.934704227201,6544.223210324696,3913.2254024183167,144.1626697584548,31.910308557683447,-2164.6591396975114,-2026.5081231384972,-1980.5719615136425,-3340.4359055255245,82.05689981858369,2351.5058795388545,-3194.921518823047,-404.33362005988903,-6739.187193878178,-2853.942282804263,8.282586797350303,570.5916974423828,1350.4350059098604,-6167.813090054969,4045.59649043718,-5038.213695208902,-3889.5555329293015,31.910313431882127,-19.001721581103606,27.284314319405553,6928.760615294261,440.1812512835166,-6.085805086067779,-10.717004494394118,4880.206968408816,33.354168429550924,31.887631860846717,16.8028003817661
31,-2857.298268120492,710.7401443362099,-1365.6823281028853,4388.247317235221,-4600.895962826437,3537.4651310452077,2159.2761112494386,692.5591967024316,-2234.189442509633,2389.1140397345694,1538.7846283825536,2576.575088625003,1323.0401873660635,4402.968267076649,-1314.7098915249587,-451.5296920115134,3026.603649421117,-3810.4407944838176,576.934454875653,64.01226596807969,-3513.92969632426,-900.6019671508928,-166.59502124016805,-8.952814583974253e-06,-4606.594341288707,1223.6085065674192,-9350.366614495575,2875.2103000975067,-1469.0522490677595,-2067.519090418785,-2282.618275956957,3401.694135184487,-360.73084155294686,-154.5595309942505,53.30769261771489,-2364.179487725962,78.44604703620931,-2152.7119692597903,-3871.011774882445,6.481053063512561,181.39699450614438,385.2140305124047,2028.168770934289,-9675.506814383329,-328.8203977940474,14.217776274777968,77.5363138251369,178.07553990413578,-493.4551919949131,-2229.5339974295066,206.1751394965399,-5445.07399211889,53.307697448376096,-29.433262683340526,43.65104493625135,13795.081374498845,17.548313656337378,-12.144600606183246,-17.02503836427094,2175.064851926721,58.09282231851763,53.26981010894497,29.169629817628145
32,-1860.10237549886,-358.0135476183013,939.3794584637068,-2628.000073695037,-5795.904506681959,2198.9655756723646,1042.762458465732,-2183.0598288035117,1813.9270141195198,3613.8996216058995,-1310.673801510373,3270.565341708518,661.2875496271917,1362.3525232841016,-2920.619599029946,1976.7622938600412,539.6731963322916,-3476.922634749747,-226.84585999289393,1424.9087650395077,-3656.2017959415,-139.59531562963764,-167.07406439170637,-8.988493151106054e-06,-4452.554618014215,1200.1781810847308,-9350.36433466402,-1891.236239801498,-2575.703803671895,1280.0064225479691,297.86608226896425,-5576.637901268521,-1965.5129653266144,-228.21878976413234,38.40189681180584,-1026.072767001007,-4043.8631714711364,-1518.654318577692,-7678.948779885789,272.2233042430733,7773.798065299907,2923.7010996415406,3857.732125682956,-9675.496884746723,1075.8139392239436,10.007147734045677,-1355.1049397475992,-3193.572192818482,1926.6137502833458,-2653.4127519446074,-3900.923875025885,-5425.177218442184,38.401901657578,-22.627301018156633,32.63445419871,14146.763047459184,-1653.8561116991993,-7.410667378782411,-12.931981154331119,-3041.7909771081213,40.38602300128266,38.37460694027666,20.342639512973033
33,-774.6747775243883,-570.696670847291,225.73742183515668,-3535.9882743517273,-1263.7992990972793,1888.8774420113045,1941.4333560859109,-685.2693728271101,2148.427378592306,3612.4779977144635,-1879.3103766359968,3211.368495982053,-1431.9482414970355,716.1267202511957,-2247.688852668802,617.747053645369,-926.7476685632246,-1084.041574209899,-1107.4785312886027,-457.0256032856581,-2180.0942082379424,539.2307014205962,-100.20933643359875,-8.939378155225846e-06,-2563.9984353830246,910.9080395292351,-5271.312992767942,-2896.4340174106305,-430.4026647505997,1377.0629214645812,801.220616793364,3707.3678121227927,-770.3505414266076,-218.75731607203193,40.21939544656829,-1708.864175413825,-4570.447386595724,-560.4557080687218,-7844.3712566591985,315.3005616504985,9002.14779318724,-1397.5834410392486,2917.3293656848414,-7012.883087900496,413.08882844612634,10.790605742580878,-1280.471280232535,-3020.853700165233,-217.00725466531372,-4129.500672519143,-9051.150422633214,-3257.4255833153206,40.21940030373123,-21.821236563012075,32.61184820803443,8683.908818530512,-524.0773516169537,-10.182203014909561,-11.966396844345605,-2541.69492114579,44.225651278987364,40.19081398996193,22.148590674487977
